553701
572667
572675
548901
572705
548979
549100
549070
548855
548952
573353
549282
572772
572781
548995
572811
549355
572969
549037
549223
572829
549118
572837
549088
573337
572900
572918
572926
572993
572659
573001
549151
549312
549169
573043
573051
573060
548928
548944
572136
572047
573094
573108
573116
573124
573086
573141
573159
573167
573175
548863
573205
573213
573230
549207
573248
549185
548910
573264
573272
573281
573299
548871
573311
573329
573345
573370
549274
573221
548898
573442
573256
573451
548961
572144
573469
572187
573477
573361
573493
573507
530735
549096
573523
573540
548880
573302
572756
573612
573639
573647
573655
573663
573671
573680
573698
573701
573728
573736
573752
573761
572128
549029
573795
573809
549193
573183
573825
573833
573841
573850